750
1
28
872 871
95 94
288 285
475 474
115 114
810 808
179
195 191
862 861
72 71
125
951
570
241
329
347
98
140
47 46
676 675
244 243
423
756
622 620
48
688
715 714
204 200
262 259
371 368
718
254
181
546
149
532
499
723
627
67 66
257 256
166
437 434
5
652
645
208
852
89
300
393
225
155 153
234 231
162 161
443 438
281
336 335
661 660
402 401
313
472
88 86
559
302
367
997
290 289
498 496
103
286
78
442
769 765
610
119 118
203
150 147
536
309
644
957 956
405 403
51 49
817 816
277
361
778
332
387
143 138
229
576
3
295 291
614
176
82 80
771
560
216
478 476
45
169 168
44 40
93 91
833 832
539
406
446
924
255
247
196
436
338 337
104 102
320
410 409
363 359
133 131
566 564
828 825
500
647
561
272
612 609
507
430
333
296
479
761
251
109
820
677
146 144
253 252
435
268
516
265
271 270
737 735
408 407
227 226
108 105
949 947
341 339
38
185 183
806 805
400
25
482 481
936
636 635
325
638
940 937
30 27
344 343
469 466
824 818
483
32 31
152 151
606
13
485
596
567
23
960 958
965 961
193
994
918 916
729
746
170
421
12 10
157 156
542 537
855
383 382
137 134
984 982
744 740
995 993
588
350 345
547 545
881 879
858 857
707
462
81
450
248 246
70
456
18 15
412
584
503 501
897 894
441
775
22
555
465 464
471 470
199 198
175 173
331 330
395 394
304 297
463
457
97 96
974 973
664 662
205
79 76
145
768
731 726
454 452
513 512
591
964
605
433
41
915 912
670 668
53 52
121
201
724
887
629
544 543
424 422
511 510
8 6
838 837
182 180
414 413
416
888
702
348
551
493
826
100
74
529 528
760 759
215 214
683 681
376 375
364
473
360
573 572
841 840
930 929
658
868 866
860
83
26 20
582 581
669
865
654
784
460
823
844
264 263
642
616
755
250 249
717 716
801 800
73
743
648
962
719
440
362
988 985
569
492 490
650
763 762
219
278
649
29
646
294
518 517
554
388 386
130 129
101 99
165 163
706
836
327 324
117 116
812
777
148
411
269 266
863
679
819
708
886
803
764
712
845
623
397
950
889
736
730
65 64
626
893
458 455
233
358
509
557
799
619 618
722
978
617 615
55 54
864
733
550
187
781 774
802
831
689 686
672
835 834
280 273
417 415
682
814 813
923
495 494
585 583
899
850
856 853
663
870
885 884
427 426
276
785
901 898
908
598 595
373 372
992
356
933
787
792
242 238
905
211
925
728
732
565
847 846
939
526
859
580 579
58 57
385 384
643 637
880
922
284
848
381
942
504
522 521
748
906
758 753
432 428
630 628
821
921
809
711 710
160 158
468
202
600 599
745
451
773 770
34
275
497
37 36
739
487 484
224 223
87
752 751
935
240
895
779
963
7
794 793
106
815
355 353
913
883 882
907
725
477
33
322 321
597
796 795
328
671
776
267
692
687
791
540
954
972
970
575
574
508
210
245
742
533
431
969
934 932
334
461 459
488
128 126
237 236
987
876 873
786
558 553
217
127
366 365
50
986
639
920 919
975
85 84
90
527 525
299
192
178
279
704
174
92
260
767
867
520
61 59
392 390
287
113
449 447
311
625 624
318 310
875
111
694
854
207 206
303
282
404
370
159
578 577
604
11
298
19
391
177
112
139
653 651
869
222
514
16
2 0
62
613
727
842
141
172 171
352
798 797
307 306
77
983
966
890
877
515
230
971
399 398
698 697
851
221 218
502
830
594
938
641
968 967
696 695
741
979 977
917
154
703 701
197
60
9
903 902
326
429
789 788
909 904
667
691
75
946 945
632 631
685 684
301
914
396
811
721 720
804
63
505
602
849
693
678
747
292
524 523
571 568
926
754
603 601
445 444
953 952
369
943 941
655
374
419 418
315
136
674 673
39
587 586
552 548
750 749
900
293
998
142
822
843
590 589
530
124 123
734
666 665
690
389
531
976
319
258
107
563 562
807
549
24
700 699
556
839
14
535 534
190 188
931
274
69 68
634 633
43
659 657
283
316
621
213
709 705
506
132
42
829
878
486
35
209
680
167
4
314
991 990
17
467
194
608 607
766
874
164
780
110
593
232
377
757
220
790
480
896
239
783 782
541
228
189
928 927
944
135
323
959
713
379
519
235
827
305
261
349
340
772
892 891
491
351
357
317
656
342
425
911 910
489
448
120
948
346
592
611
989
378
308
21
312
186
439
738
999 996
184
354
955
538
640
212
981 980
420
56
453
380
122
