744
1
28
120
638
325
644
309
536
34
275
70
154
483
109
820
181
22
775
441
39
81
450
228
87
211
38
203
21
860
83
26 20
111
423
756
899
239
75
616
755
184
178
279
145
768
44 40
93 91
50
479
296
166
504
329
241
391
19
298
216
468
202
728
254
196
436
584
412
18 15
261
472
88 86
559
302
367
997
290 289
498 496
103
286
78
442
371 368
718
128 126
488
301
272
314
51 49
425
194
467
815
964
605
41
433
65 64
313
402 401
30 27
344 343
155 153
234 231
162 161
443 438
281
336 335
435
268
516
265
271 270
723
499
532
149
546
404
370
204 200
262 259
392 390
260
24
125
951
570
82 80
771
560
576
62
2 0
119 118
334
356
933
304 297
408 407
227 226
108 105
411
148
245
210
406
446
89
300
393
328
671
776
175 173
199 198
242 238
319
376 375
364
473
360
471 470
465 464
480
514
869
355 353
574
508
539
318 310
875
95 94
288 285
475 474
115 114
810 808
179
195 191
862 861
72 71
667
47 46
663
567
596
416
414 413
182 180
374
377
400
806 805
185 183
817 816
551
493
826
100
74
529 528
137 134
984 982
469 466
824 818
165 163
12 10
157 156
542 537
855
25
482 481
936
678
747
440
719
962
460
35
645
569
437 434
5
652
487 484
224 223
533
742
454 452
513 512
591
558 553
244 243
67 66
627
849
60
9
509
557
707
858 857
215 214
683 681
833 832
303
257 256
456
876 873
101 99
550
733
737 735
269 266
457
97 96
974 973
664 662
205
79 76
225
836
706
888
702
648
292
544 543
629
626
893
458 455
233
358
366 365
921
485
13
606
152 151
32 31
799
453
130 129
388 386
299
424 422
127
405 403
957 956
796 795
622 620
712
594
830
744 740
995 993
779
23
960 958
965 961
887
724
201
121
53 52
670 668
915 912
410 409
363 359
566 564
828 825
500
647
561
280 273
417 415
682
143 138
387
430
350 345
547 545
881 879
497
37 36
739
341 339
949 947
677
146 144
253 252
600 599
745
451
773 770
320
104 102
338 337
248 246
55 54
617 615
703 701
732
565
150 147
930 929
838 837
8 6
511 510
11
604
113
495 494
585 583
777
812
117 116
327 324
769 765
385 384
58 57
580 579
803
764
741
611
348
331 330
395 394
421
754
926
571 568
942
381
848
761
998
373 372
760 759
352
169 168
45
478 476
736
316
889
923
934 932
340
778
277
361
636 635
738
999 996
432 428
630 628
821
590 589
461 459
661 660
90
85 84
975
709 705
614
7
963
4
880
922
729
746
886
612 609
698 697
851
717 716
250 249
931
73
801 800
850
856 853
135
323
914
877
503 501
897 894
940 937
439
814 813
197
449 447
311
625 624
212
92
688
715 714
61 59
492 490
908
950
397
623
845
731 726
725
907
347
98
140
674 673
924
219
955
994
918 916
190 188
383 382
520
867
619 618
852
878
829
970
575
802
139
653 651
885 884
427 426
989
159
578 577
247
255
696 695
587 586
791
160 158
351
107
905
463
727
613
305
666 665
690
798 797
939
847 846
287
132
429
789 788
187
781 774
598 595
48
172 171
295 291
3
389
519
235
841 840
573 572
868 866
658
176
979 977
124 123
189
928 927
987
237 236
445 444
763 762
650
786
672
689 686
831
531
16
787
874
721 720
811
972
43
634 633
379
221 218
315
332
213
656
676 675
29
251
643 637
283
659 657
752 751
518 517
294
901 898
785
174
704
582 581
284
264 263
844
823
63
505
278
938
992
641
968 967
220
757
322 321
597
33
477
177
835 834
462
608 607
766
646
679
819
399 398
680
209
865
654
549
540
954
312
136
396
986
362
988 985
969
593
110
489
911 910
217
229
317
357
839
807
722
978
971
527 525
554
758 753
42
276
186
946 945
632 631
685 684
552 548
750 749
900
419 418
535 534
522 521
748
892 891
326
687
859
563 562
142
790
431
556
700 699
603 601
524 523
976
530
170
913
883 882
592
555
734
649
232
507
207 206
240
935
772
692
267
794 793
106
909 904
784
872 871
896
369
943 941
655
192
642
917
693
621
730
944
711 710
809
380
903 902
502
112
767
167
208
17
991 990
420
895
822
843
966
349
708
307 306
77
743
230
515
959
526
694
491
258
640
890
983
354
69 68
193
378
864
783 782
541
953 952
308
122
804
827
920 919
639
448
925
333
602
792
486
691
863
538
780
164
713
870
669
282
588
610
141
842
346
948
981 980
293
274
56
854
