741
1
28
120
638
325
644
309
536
34
275
70
154
483
109
820
181
22
775
441
39
26 20
111
423
756
899
239
155 153
234 231
162 161
81
450
228
87
224 223
261
472
88 86
559
302
367
997
290 289
498 496
103
286
78
442
371 368
262 259
204 200
370
159
271 270
265
516
113
495 494
585 583
241
329
347
98
140
47 46
217
558 553
51 49
314
272
301
488
736
211
287
606
13
485
596
567
23
663
251
761
352
30 27
344 343
157 156
12 10
165 163
101 99
550
139
802
149
532
499
723
627
67 66
244 243
18 15
412
584
503 501
90
85 84
975
92
145
768
44 40
316
889
923
323
247
255
855
245
148
411
97 96
457
267
692
274
127
79 76
305
77
8 6
406
446
19
298
11
604
480
745
451
803
312
175 173
199 198
242 238
319
254
196
436
969
509
557
707
462
313
531
108 105
227 226
364
473
360
471 470
465 464
541
942
381
848
230
497
208
38
185 183
508
539
210
653 651
9
119 118
334
506
709 705
614
176
82 80
771
560
576
3
387
143 138
125
951
570
469 466
824 818
216
478 476
728
202
600 599
718
128 126
594
712
622 620
850
402 401
93 91
50
479
938
456
257 256
303
348
439
460
654
549
489
617 615
55 54
864
341 339
475 474
115 114
810 808
179
195 191
862 861
72 71
166
437 434
5
652
645
569
492 490
408 407
737 735
269 266
863
383 382
137 134
984 982
744 740
995 993
588
350 345
482 481
936
636 635
738
999 996
2 0
338 337
104 102
320
410 409
363 359
133 131
566 564
828 825
781 774
377
540
555
763 762
670 668
53 52
378
432 428
630 628
694
107
778
332
416
414 413
182 180
835 834
280 273
417 415
682
814 813
146 144
677
268
435
253 252
336 335
281
443 438
632 631
493
826
100
74
529 528
760 759
215 214
683 681
376 375
703 701
671
776
655
897 894
940 937
304 297
836
706
888
702
648
743
73
801 800
717 716
250 249
755
445 444
463
392 390
833 832
687
669
865
307 306
713
742
454 452
513 512
591
964
605
867
767
514
222
869
355 353
815
467
194
209
777
812
117 116
327 324
388 386
130 129
757
960 958
965 961
887
724
201
573 572
841 840
930 929
150 147
779
963
7
518 517
907
725
731 726
721 720
811
169 168
136
674 673
924
219
278
821
921
809
643 637
283
732
565
847 846
939
95 94
288 285
373 372
872 871
896
664 662
205
807
574
544 543
424 422
511 510
878
829
957 956
405 403
860
868 866
819
679
849
851
698 697
612 609
507
207 206
461 459
661 660
998
988 985
141
994
918 916
729
922
880
487 484
858 857
881 879
547 545
870
264 263
844
823
4
167
799
453
619 618
962
719
440
790
690
666 665
796 795
328
393
225
715 714
688
258
933
356
992
641
949 947
971
616
75
946 945
773 770
193
944
895
817 816
277
625 624
212
556
959
914
877
890
676 675
58 57
385 384
769 765
610
295 291
172 171
48
160 158
468
711 710
178
839
112
14
431
458 455
233
358
366 365
750 749
900
433
65 64
626
893
885 884
395 394
331 330
477
915 912
580 579
527 525
299
934 932
189
124 123
530
979 977
69 68
296
634 633
43
106
746
608 607
838 837
203
546
404
876 873
786
237 236
987
292
792
425
41
905
152 151
908
598 595
300
89
852
966
315
221 218
248 246
563 562
25
602
333
430
925
592
978
722
399 398
551
190 188
535 534
45
794 793
110
593
318 310
522 521
748
526
845
623
502
830
83
578 577
856 853
680
29
730
621
213
678
747
629
187
789 788
429
132
311
449 447
197
582 581
704
279
901 898
950
397
611
741
696 695
587 586
400
806 805
656
693
552 548
419 418
232
389
691
486
875
322 321
597
284
491
357
361
911 910
33
21
542 537
986
647
561
533
689 686
831
524 523
571 568
926
754
603 601
948
346
842
646
590 589
764
955
538
642
917
976
220
121
791
326
886
708
672
935
752 751
991 990
798 797
928 927
340
349
906
758 753
42
827
519
235
931
354
954
972
700 699
24
766
784
391
520
374
943 941
369
953 952
427 426
294
575
970
650
293
733
772
859
379
854
240
420
974 973
822
142
362
685 684
649
734
164
780
658
667
909 904
229
613
62
16
787
177
983
35
170
883 882
913
968 967
739
920 919
639
380
903 902
184
515
317
640
500
554
186
785
122
61 59
56
174
874
843
783 782
892 891
282
989
192
308
342
63
505
448
981 980
504
421
276
17
135
