743
1
28
120
638
325
644
309
536
34
26 20
111
423
756
899
239
25
602
29
244 243
18 15
48
688
92
260
145
768
44 40
169 168
136
81
450
228
87
211
38
203
546
149
532
499
723
627
67 66
181
254
196
436
584
412
104 102
320
913
746
170
125
951
570
241
329
347
98
140
47 46
217
127
424 422
286
103
294
518 517
7
614
176
51 49
314
90
85 84
32 31
152 151
179
195 191
279
704
174
201
121
53 52
247
255
855
253 252
146 144
677
268
435
93 91
402 401
313
472
88 86
559
302
367
997
290 289
498 496
460
654
275
497
230
606
13
485
596
567
23
370
204 200
262 259
371 368
718
128 126
89
300
393
671
776
175 173
199 198
242 238
319
261
924
391
19
298
216
468
160 158
351
107
265
271 270
516
4
588
350 345
234 231
155 153
344 343
469 466
824 818
483
154
70
248 246
115 114
475 474
288 285
95 94
872 871
373 372
352
761
479
296
166
437 434
5
652
645
569
492 490
227 226
108 105
97 96
457
417 415
280 273
551
493
826
100
74
529 528
137 134
984 982
806 805
400
408 407
737 735
269 266
863
383 382
462
707
858 857
964
605
433
65 64
626
629
544 543
513 512
454 452
612 609
507
430
333
491
133 131
566 564
828 825
500
647
561
509
557
799
453
130 129
101 99
550
429
150 147
482 481
936
636 635
361
778
332
416
414 413
182 180
835 834
301
488
736
730
506
334
356
933
304 297
836
225
79 76
17
387
143 138
14
533
728
202
600 599
745
451
744 740
594
712
622 620
850
487 484
224 223
769 765
610
119 118
9
60
197
887
724
189
124 123
734
565
732
504
376 375
364
957 956
405 403
820
109
251
663
604
713
307 306
77
8 6
511 510
11
921
809
643 637
272
987
237 236
410 409
363 359
814 813
810 808
991 990
775
22
555
465 464
471 470
862 861
72 71
667
838 837
608 607
664 662
205
995 993
779
963
833 832
539
406
742
680
399 398
341 339
949 947
777
812
117 116
327 324
388 386
299
527 525
860
868 866
573 572
841 840
930 929
658
396
670 668
915 912
580 579
803
764
741
219
955
747
678
213
442
78
811
721 720
804
731 726
725
907
760 759
215 214
683 681
264 263
844
823
817 816
277
212
526
939
847 846
157 156
12 10
165 163
940 937
30 27
851
443 438
281
336 335
661 660
461 459
923
495 494
585 583
787
331 330
395 394
421
592
162 161
960 958
965 961
58 57
385 384
719
440
574
807
617 615
55 54
864
827
829
878
852
208
37 36
250 249
717 716
801 800
73
931
979 977
869
355 353
815
467
194
905
463
445 444
962
802
831
689 686
672
786
257 256
456
876 873
458 455
233
358
366 365
50
948
986
893
885 884
870
547 545
881 879
922
729
427 426
908
950
889
966
888
706
896
480
222
514
926
571 568
942
541
970
575
992
338 337
2 0
62
576
560
771
82 80
172 171
295 291
3
432 428
630 628
821
590 589
210
508
715 714
61 59
392 390
287
113
449 447
558 553
563 562
998
988 985
969
619 618
221 218
315
650
763 762
954
159
578 577
659 657
283
326
267
692
69 68
917
976
530
229
556
959
187
781 774
377
346
193
773 770
892 891
522 521
748
906
758 753
42
276
132
112
177
446
258
167
767
867
520
312
655
897 894
503 501
682
486
190 188
535 534
819
679
207 206
303
318 310
875
582 581
284
935
752 751
796 795
597
322 321
164
780
502
623
397
791
880
968 967
641
293
489
911 910
348
611
743
648
292
621
316
703 701
676 675
640
877
914
404
362
790
431
549
766
24
540
839
178
711 710
903 902
598 595
953 952
369
943 941
139
653 651
928 927
696 695
587 586
106
794 793
45
478 476
148
245
856 853
524 523
603 601
754
784
21
859
792
192
642
538
542 537
634 633
43
785
901 898
554
240
420
274
944
473
360
425
41
757
632 631
685 684
56
305
666 665
690
798 797
886
698 697
974 973
669
865
349
983
35
75
616
755
184
727
613
209
379
687
380
739
920 919
639
849
693
552 548
750 749
900
141
994
918 916
278
505
63
674 673
789 788
909 904
531
381
848
83
282
39
378
709 705
700 699
591
895
311
439
702
843
822
142
890
842
646
999 996
738
972
441
232
593
110
938
694
925
883 882
934 932
340
135
323
978
722
971
946 945
389
691
317
357
186
220
708
374
419 418
989
783 782
656
342
649
308
519
235
845
981 980
733
772
448
354
515
16
33
477
854
122
