741
1
28
120
638
325
644
309
536
34
275
70
154
483
109
820
181
22
775
39
81
450
228
87
211
38
203
21
860
83
50
479
296
166
504
329
241
391
19
298
216
468
202
728
254
196
436
584
272
301
488
736
316
889
923
323
135
208
645
149
532
499
723
627
849
964
605
41
433
51 49
314
90
85 84
975
32 31
152 151
179
195 191
279
178
839
95 94
187
550
101 99
130 129
111
26 20
239
899
495 494
585 583
352
760 759
215 214
683 681
376 375
364
473
360
251
567
596
416
332
387
143 138
229
576
62
2 0
145
768
44 40
93 91
606
13
485
745
451
406
210
508
539
423
756
146 144
677
435
268
516
4
588
350 345
234 231
155 153
344 343
30 27
402 401
313
472
88 86
559
302
367
997
290 289
411
148
245
341 339
262 259
204 200
370
404
546
82 80
771
560
351
160 158
746
106
227 226
108 105
531
381
848
397
623
502
830
594
712
431
103
286
78
442
371 368
718
128 126
89
446
924
255
247
671
328
393
859
327 324
117 116
812
629
544 543
424 422
127
217
558 553
244 243
18 15
456
67 66
257 256
457
97 96
267
692
348
439
460
35
358
233
458 455
5
437 434
260
767
867
520
383 382
137 134
529 528
670 668
53 52
469 466
824 818
165 163
12 10
157 156
542 537
855
25
482 481
936
636 635
361
277
817 816
551
493
826
100
74
557
509
666 665
622 620
850
856 853
410 409
363 359
133 131
566 564
828 825
500
647
561
119 118
610
769 765
385 384
125
951
570
538
640
676 675
47 46
798 797
690
288 285
475 474
115 114
810 808
487 484
224 223
858 857
707
462
162 161
443 438
281
336 335
661 660
461 459
497
37 36
739
242 238
199 198
175 173
331 330
395 394
421
530
124 123
734
616
755
184
9
60
197
654
784
533
742
454 452
513 512
591
833 832
392 390
727
463
905
709 705
614
176
949 947
777
209
511 510
8 6
838 837
182 180
414 413
890
630 628
432 428
3
295 291
172 171
48
688
715 714
995 993
744 740
773 770
320
104 102
338 337
248 246
887
724
189
373 372
872 871
721 720
811
169 168
136
674 673
23
960 958
965 961
706
836
225
79 76
92
250 249
717 716
801 800
73
471 470
465 464
963
7
388 386
299
527 525
405 403
957 956
796 795
803
764
821
921
809
643 637
880
922
729
427 426
885 884
870
663
907
518 517
950
908
492 490
408 407
737 735
269 266
863
377
781 774
962
55 54
617 615
703 701
732
565
150 147
930 929
841 840
573 572
868 866
664 662
205
680
399 398
881 879
896
852
878
619 618
969
934 932
253 252
600 599
582 581
875
318 310
522 521
748
906
758 753
219
955
780
287
847 846
939
526
112
925
935
65 64
987
237 236
445 444
304 297
940 937
897 894
503 501
185 183
806 805
913
355 353
815
467
194
63
505
602
220
976
942
571 568
926
754
72 71
862 861
711 710
569
988 985
141
994
918 916
190 188
535 534
612 609
507
430
333
45
478 476
61 59
731 726
804
992
356
334
587 586
696 695
378
193
776
58 57
580 579
915 912
139
802
271 270
265
590 589
931
979 977
69 68
357
278
970
575
240
966
702
888
24
761
998
293
555
650
489
911 910
653 651
928 927
16
741
611
282
207 206
14
592
679
819
346
954
280 273
417 415
708
886
698 697
974 973
300
598 595
903 902
959
305
261
814 813
349
613
400
574
807
747
678
230
264 263
642
578 577
159
308
730
342
284
307 306
865
669
283
659 657
785
901 898
294
221 218
315
366 365
750 749
552 548
498 496
831
689 686
672
835 834
177
983
652
132
276
42
491
694
554
292
648
792
235
519
389
440
719
563 562
449 447
113
524 523
603 601
948
844
823
11
604
713
864
786
876 873
999 996
738
597
322 321
33
477
140
98
347
893
626
164
625 624
212
174
704
608 607
766
632 631
685 684
514
222
869
274
944
895
311
667
909 904
789 788
984 982
549
540
121
201
791
369
943 941
655
972
419 418
374
425
799
453
843
874
772
892 891
75
946 945
722
978
649
232
317
691
486
778
340
107
448
914
877
515
733
556
989
933
142
790
29
842
986
845
851
687
326
429
794 793
971
827
829
920 919
639
122
43
634 633
658
783 782
541
953 952
757
77
213
693
656
258
319
379
854
725
506
303
593
56
968 967
641
110
938
700 699
17
991 990
420
900
883 882
170
682
396
354
192
380
621
186
917
981 980
167
787
822
646
362
